# Created by Octave 4.0.0, Mon Feb 29 22:57:01 2016 CST <brudder@localhost>
# name: A
# type: matrix
# rows: 5
# columns: 5
 17 24 1 8 15
 23 5 7 14 16
 4 6 13 20 22
 10 12 19 21 3
 11 18 25 2 9


# name: B
# type: matrix
# rows: 3
# columns: 2
 11 12
 13 14
 15 16


# name: C
# type: matrix
# rows: 2
# columns: 2
 1 1
 2 2


# name: X
# type: matrix
# rows: 3
# columns: 2
 1 1
 1 2
 1 4


# name: a
# type: scalar
1


# name: ans
# type: scalar
0.1666666666666667


# name: b
# type: scalar
2


# name: c
# type: scalar
3


# name: ex1data1
# type: matrix
# rows: 97
# columns: 2
 6.1101 17.592
 5.5277 9.1302
 8.518599999999999 13.662
 7.0032 11.854
 5.8598 6.8233
 8.382899999999999 11.886
 7.4764 4.3483
 8.578099999999999 12
 6.4862 6.5987
 5.0546 3.8166
 5.7107 3.2522
 14.164 15.505
 5.734 3.1551
 8.4084 7.2258
 5.6407 0.71618
 5.3794 3.5129
 6.3654 5.3048
 5.1301 0.56077
 6.4296 3.6518
 7.0708 5.3893
 6.1891 3.1386
 20.27 21.767
 5.4901 4.263
 6.3261 5.1875
 5.5649 3.0825
 18.945 22.638
 12.828 13.501
 10.957 7.0467
 13.176 14.692
 22.203 24.147
 5.2524 -1.22
 6.5894 5.9966
 9.248200000000001 12.134
 5.8918 1.8495
 8.2111 6.5426
 7.9334 4.5623
 8.0959 4.1164
 5.6063 3.3928
 12.836 10.117
 6.3534 5.4974
 5.4069 0.55657
 6.8825 3.9115
 11.708 5.3854
 5.7737 2.4406
 7.8247 6.7318
 7.0931 1.0463
 5.0702 5.1337
 5.8014 1.844
 11.7 8.004300000000001
 5.5416 1.0179
 7.5402 6.7504
 5.3077 1.8396
 7.4239 4.2885
 7.6031 4.9981
 6.3328 1.4233
 6.3589 -1.4211
 6.2742 2.4756
 5.6397 4.6042
 9.3102 3.9624
 9.4536 5.4141
 8.8254 5.1694
 5.1793 -0.74279
 21.279 17.929
 14.908 12.054
 18.959 17.054
 7.2182 4.8852
 8.2951 5.7442
 10.236 7.7754
 5.4994 1.0173
 20.341 20.992
 10.136 6.6799
 7.3345 4.0259
 6.0062 1.2784
 7.2259 3.3411
 5.0269 -2.6807
 6.5479 0.29678
 7.5386 3.8845
 5.0365 5.7014
 10.274 6.7526
 5.1077 2.0576
 5.7292 0.47953
 5.1884 0.20421
 6.3557 0.67861
 9.768700000000001 7.5435
 6.5159 5.3436
 8.517200000000001 4.2415
 9.180199999999999 6.7981
 6.002 0.9269500000000001
 5.5204 0.152
 5.0594 2.8214
 5.7077 1.8451
 7.6366 4.2959
 5.8707 7.2029
 5.3054 1.9869
 8.2934 0.14454
 13.394 9.055099999999999
 5.4369 0.61705


# name: ex1data2
# type: matrix
# rows: 47
# columns: 3
 2104 3 399900
 1600 3 329900
 2400 3 369000
 1416 2 232000
 3000 4 539900
 1985 4 299900
 1534 3 314900
 1427 3 198999
 1380 3 212000
 1494 3 242500
 1940 4 239999
 2000 3 347000
 1890 3 329999
 4478 5 699900
 1268 3 259900
 2300 4 449900
 1320 2 299900
 1236 3 199900
 2609 4 499998
 3031 4 599000
 1767 3 252900
 1888 2 255000
 1604 3 242900
 1962 4 259900
 3890 3 573900
 1100 3 249900
 1458 3 464500
 2526 3 469000
 2200 3 475000
 2637 3 299900
 1839 2 349900
 1000 1 169900
 2040 4 314900
 3137 3 579900
 1811 4 285900
 1437 3 249900
 1239 3 229900
 2132 4 345000
 4215 4 549000
 2162 4 287000
 1664 2 368500
 2238 3 329900
 2567 4 314000
 1200 3 299000
 852 2 179900
 1852 4 299900
 1203 3 239500


# name: i
# type: scalar
6


# name: ind
# type: scalar
2


# name: indicies
# type: range
# base, limit, increment
1 10 1


# name: r
# type: lazy_index
# name: index_value
# type: matrix
# rows: 3
# columns: 1
 1
 3
 2




# name: sz
# type: matrix
# rows: 1
# columns: 2
 3 2


# name: t
# type: matrix
# rows: 1
# columns: 99
 0 0.01 0.02 0.03 0.04 0.05 0.06 0.07000000000000001 0.08 0.09 0.1 0.11 0.12 0.13 0.14 0.15 0.16 0.17 0.18 0.19 0.2 0.21 0.22 0.23 0.24 0.25 0.26 0.27 0.28 0.29 0.3 0.31 0.32 0.33 0.34 0.35 0.36 0.37 0.38 0.39 0.4 0.41 0.42 0.43 0.44 0.45 0.46 0.47 0.48 0.49 0.5 0.51 0.52 0.53 0.54 0.55 0.5600000000000001 0.5700000000000001 0.58 0.59 0.6 0.61 0.62 0.63 0.64 0.65 0.66 0.67 0.68 0.6900000000000001 0.7000000000000001 0.71 0.72 0.73 0.74 0.75 0.76 0.77 0.78 0.79 0.8 0.8100000000000001 0.8200000000000001 0.8300000000000001 0.84 0.85 0.86 0.87 0.88 0.89 0.9 0.91 0.92 0.93 0.9400000000000001 0.9500000000000001 0.96 0.97 0.98


# name: theta
# type: matrix
# rows: 2
# columns: 1
 0
 1


# name: v
# type: matrix
# rows: 10
# columns: 2
 2 0
 999 0
 999 0
 999 0
 999 0
 64 0
 128 0
 256 0
 512 0
 1024 0


# name: val
# type: scalar
15


# name: y
# type: matrix
# rows: 3
# columns: 1
 1
 2
 3


# name: y1
# type: matrix
# rows: 1
# columns: 99
 0 0.2486898871648548 0.4817536741017153 0.6845471059286886 0.8443279255020151 0.9510565162951535 0.9980267284282716 0.9822872507286886 0.9048270524660195 0.7705132427757893 0.5877852522924732 0.3681245526846781 0.1253332335643045 -0.1253332335643043 -0.3681245526846783 -0.587785252292473 -0.7705132427757894 -0.9048270524660198 -0.9822872507286887 -0.9980267284282716 -0.9510565162951536 -0.8443279255020155 -0.6845471059286889 -0.4817536741017153 -0.2486898871648553 -2.449293598294706e-16 0.2486898871648549 0.4817536741017157 0.6845471059286893 0.8443279255020147 0.9510565162951535 0.9980267284282716 0.9822872507286886 0.9048270524660192 0.7705132427757886 0.5877852522924734 0.368124552684678 0.1253332335643039 -0.1253332335643032 -0.3681245526846773 -0.5877852522924728 -0.7705132427757893 -0.9048270524660189 -0.9822872507286885 -0.9980267284282716 -0.9510565162951538 -0.8443279255020151 -0.6845471059286885 -0.4817536741017163 -0.2486898871648556 -4.898587196589413e-16 0.2486898871648547 0.4817536741017154 0.6845471059286891 0.8443279255020155 0.951056516295154 0.9980267284282717 0.9822872507286886 0.90482705246602 0.7705132427757898 0.5877852522924736 0.3681245526846782 0.1253332335643041 -0.1253332335643029 -0.3681245526846787 -0.5877852522924726 -0.7705132427757901 -0.9048270524660196 -0.9822872507286891 -0.9980267284282716 -0.9510565162951538 -0.8443279255020162 -0.6845471059286886 -0.4817536741017165 -0.2486898871648541 -7.347880794884119e-16 0.2486898871648527 0.4817536741017152 0.6845471059286876 0.8443279255020154 0.9510565162951533 0.9980267284282717 0.9822872507286887 0.9048270524660187 0.7705132427757911 0.5877852522924738 0.3681245526846801 0.1253332335643044 -0.1253332335643027 -0.3681245526846785 -0.5877852522924725 -0.77051324277579 -0.9048270524660195 -0.9822872507286891 -0.9980267284282716 -0.9510565162951539 -0.8443279255020163 -0.6845471059286888 -0.4817536741017168


